92202919
92150813
91869236
91779903
92081953
92180703
92290798
92120786
92260968
92061162
92281181
92112172
92053210
92483196
92083249
92070792
66260788
92149937
59030437
92181360
92241772
92051262
93692046
93663821
93763934
94149079
93793993
91919493
92681756
92802197
92911598
92741528
92260950
92040927
92140750
90182103
92220313
92140397
92189962
92080643
92060386
92140586
92050780
92160420
92111082
91820168
92293707
92283292
92291020
92300710
92100695
92130792
92069424
92160502
92200804
92119655
92070406
92270247
92189701
92260591
92190718
92039608
90192183
92179395
91950005
91950046
91910113
91303779
92171110
93090466
92883071
92902946
92231013
92240938
92300802
92221683
92081701
92311246
93689853
93613824
92523376
93593466
93763210
93703602
84749352
93290211
93793211
93509688
93459742
93290700
93540532
92411192
92941261
58335100
92791087
92790619
92730203
93590306
92711778
93779536
93300180
93689937
93789158
92160174
93609275
93730011
93690031
93410794
92852302
93830234
93800193
93700090
93800041
93669579
93879644
93679628
93592462
93740285
93730044
93850148
93659592
89094836
93880566
92712454
93640098
93830130
92621997
48423396
92310347
93509760
93500024
93859402
93350323
93789562
93350124
92603184
92729316
92432529
93819601
93830001
93639120
93699672
93789648
93780333
93730213
93729225
93839707
93639698
93589462
93821557
93791580
93792237
93782806
93671871
93862091
93782025
93872130
92452526
93831967
93801900
93591846
93641868
93701818
93471050
93869427
93769400
93719387
93350640
93679983
93469663
93689717
93659736
93669757
91850103
93650085
93730028
93849398
93340776
91900028
93769123
93800003
93759758
93819607
93760312
93720088
93690008
93690000
93862065
92482443
91332602
93822132
93862081
93610595
93742170
93791381
93861822
49963187
93832254
93692199
93692899
93592607
93872811
93882453
93642017
93822526
93881407
93802609
93692763
93842374
93652768
93711748
93612554
93833565
93803260
93849724
92372600
93329432
93150860
93459145
93779403
93762267
93883469
93663229
93642516
93882481
93641584
93632602
93782540
93730080
93591871
93762159
93821232
93823187
93822025
93870640
93802265
93771809
93682187
93591945
93691773
93642100
93612133
93842040
93802007
93259747
93130066
93529955
92921858
93790051
93621514
93642356
93622239
93683633
93733140
93793505
93612792
93723127
90550080
93281139
93430531
93719696
93410980
88650034
93589099
93649360
93820296
93742923
93219378
93449729
93280336
93540392
93339789
93219960
93389680
89319724
93589834
92503046
93230629
93309330
92261306
92831777
92700090
92721648
91889582
92881151
92929518
92681655
92680922
93190914
93699575
93439078
93839545
93310582
93649850
93592148
93611934
93360526
93499431
86059618
93791674
93780260
93769717
92912866
93289688
93340465
93870128
92200497
93859487
93311088
93739588
93540848
93460010
93449415
92539688
93350762
93629964
93709162
92479865
93370627
93719517
93480390
93351167
93659439
93790189
93280320
93379843
93789245
93759196
93740102
93879922
93350989
93490708
93380990
93591041
93669207
93669571
93729769
93759502
93839817
93659502
93629205
92401145
93829791
93769673
93639755
93769202
93789841
93490284
93350126
93430141
93449815
93279187
93730144
93700803
93760603
93470827
93800849
93030337
93860028
93650966
93841265
93050641
93709276
93610552
93840913
93281116
93610767
93790939
93770927
93800866
93660498
93660295
90462890
93520635
93770522
93880812
93870531
92371766
92931774
93519355
93539707
93070431
93289658
93690379
93599382
93320396
93830320
93640370
93880095
93869854
93630068
93710009
93692439
93701149
93770509
93861195
93730965
93531212
93510919
93499942
93599564
93622509
93591708
93613296
93643320
93682855
93881251
88801234
93601367
93711286
93591083
93791392
92062960
92311118
92122100
93760762
93770716
93630424
93249711
93680732
93840759
93872789
93682310
93722689
93712602
93722364
93602274
93861604
93761766
79902908
91979217
93872862
93692929
93642419
93772495
93692549
93802434
93460396
93872568
93822593
93792614
30561677
93642630
93692594
93643246
93692308
93762426
93710455
93660604
93760271
93850258
93823459
93763044
93683141
93622999
93842250
93613158
93592521
93773305
93772188
93591138
93672588
93592404
93622421
93602645
93840796
93650825
93710998
93319117
93600583
93701340
93611266
93730949
93839900
93830536
93879663
93110698
93240317
93510106
93290197
93549210
93490088
93440370
93450217
93669695
93880128
93860322
93650373
93770312
93620122
93770067
93829940
93700265
93599245
93411133
93709143
93769288
93879337
92859823
92780535
92700475
91532036
92849168
92890808
92670894
93330380
93800061
93779220
93759121
93790951
93699782
93789831
93789979
93759158
93551036
93359706
93832463
93682227
93821958
93621820
93671572
93621628
93690813
93802499
93861423
93791720
93691835
93589096
93631252
93831351
93701279
90360793
93711204
93881287
93719756
93669992
93700015
93610047
93759930
93769732
93761507
93691171
93611192
93771188
93609159
93870937
93821014
93700852
93801883
93790973
93771001
93380549
93450748
93770554
93870066
93650589
91475529
93819546
93690777
93870677
93841693
93699576
93350005
91249253
93629420
91142038
93861755
93630895
93680554
93660732
93800357
93660634
93870259
93600743
93840720
93589705
93610887
93740970
93729697
93840267
93780469
93700896
93180459
93680288
93720991
93630916
93681114
73719632
89353073
91477855
93359301
93520117
91461981
93700717
37992986
93590804
93800784
93820626
93720654
93760117
93380215
93550517
93710676
93620338
93839565
93850647
92840425
93600727
93739581
93740054
93722606
93841786
93740894
93830897
50909539
93630769
93660492
93599483
92159995
93800585
93820854
93709443
93620944
93410647
93150600
93819499
93500045
93319775
93479895
93619180
93711169
93741468
93801483
93771141
93741016
93680409
93611012
93711374
93781307
93801356
93841455
92419747
93869291
93489456
93549959
93849080
93520896
93130892
92669456
93360657
93060028
92211301
93389943
93389257
93299882
93529833
93449586
93549813
93549681
93651617
93701733
93872164
93861957
93802098
93430156
93530458
93489820
93430955
76990117
93630881
93833282
93782651
93742725
93662317
93500211
93350838
93520632
92110852
93310731
93470566
93480317
92822383
93450927
93849119
93451121
93370836
93370118
92782783
93350379
93029816
93230852
93010780
65873327
93470015
93700747
93661118
93690846
93860195
93831041
93721108
93780601
93829508
93801136
93791177
92831403
92941353
93139546
93069846
93119846
93000246
93060345
