92519081
92409079
91546521
91840005
92131408
92290204
92291081
92250992
92170453
92221380
92110844
92250518
92301275
92081406
92090797
92140421
92290372
92179107
93059409
92612590
92393209
92613260
92062584
92133237
92313202
92189492
91482147
92190944
92230076
92071211
92231112
92111630
91849134
92251260
93661607
93831654
93611950
93651448
93660833
94029098
93999337
93949353
93693589
93833874
94109083
93980284
93690254
94129093
93793555
92891582
92732489
92911968
92931420
88463295
92911616
92931511
92693152
93080227
93109566
92141185
92210751
92260925
92220589
92071695
92250216
92081003
92220678
92102528
92060291
92230311
92159849
92261043
92071080
92190868
92040798
92120696
92230990
92561899
92061060
91708606
91800496
91760222
92183176
92313435
92203669
92073693
92173687
92100971
92160783
92250308
92100787
91708500
92060826
92060825
92200522
92150763
92232592
92242488
91900114
92310173
92270775
91889438
92070798
92260812
92240848
92069902
92150000
90139082
92119954
92200018
92149616
92260468
92130384
92310221
92109904
92289721
92079479
92060639
92200856
91667674
92280072
92051683
92261781
92100563
92180109
92260221
92099748
92180793
92060709
91849838
91850106
91770102
91789997
91880074
89680177
91900087
91614858
92029689
91880081
92160788
92721330
93019691
92271068
92220969
92671909
93879892
93683561
93733485
93783377
93360758
93793298
93794080
93593186
93613690
93733173
93390711
93200128
93469953
93179682
93160880
93289750
93030546
93120245
92842609
93279605
93399602
93499767
93419715
93410372
92742819
93440627
93150783
93530647
93400627
93010898
93390235
93310551
93450191
60191641
92391174
92941012
92870666
81642135
93690410
93600216
93280952
93789327
93820028
93850051
93839762
93659522
93779391
93829390
92150612
92090861
92140549
93551124
92941410
92871892
93630177
93639890
93400469
93611503
93719368
93689113
93739680
93351048
93699397
93699084
93792596
94459836
93661114
93730227
92672378
92852434
93870167
93600166
93640165
93659536
93150435
93780124
92173209
92411873
90110823
92391952
93633263
92310909
92169393
92220654
92230438
91182783
94011088
93859975
93380991
91517841
93280790
93380343
93869554
93819468
93741768
92822111
93719628
93649703
93300441
93330613
94279592
93290358
93669495
93709453
93520033
76390629
93690261
93639279
93541086
93710959
93670881
93842806
93250669
93682889
93612171
93692173
90071723
93781494
93490330
93089465
92492641
92412546
92372532
92432497
38767134
93499213
93631853
93661591
93691740
93840936
93600108
93619673
93840079
93659805
93679507
93589757
93670078
93609665
93689664
93660049
93879994
93779724
93620025
93719433
93300958
93630446
93609999
93600045
93350688
93589731
93699120
93769708
92470491
92053645
91850383
92579947
91960250
93720066
93549679
93879991
93399665
93650280
90003656
93829397
92042944
93129450
93140622
93969514
72030916
93882638
93632666
93762683
93782613
93762686
93832144
93611134
93420995
93759643
92139097
93779427
93769924
93649795
93649519
93679989
93599995
93870199
93789314
93719954
93730157
93590203
93399538
93712230
93692084
93702037
93842294
92301277
93762032
93862373
93592234
93652077
93821995
93822205
93732300
93592145
93722453
93722472
93822381
93632329
93872467
93842599
89130046
93642128
93672203
93842365
92840671
93602328
93762555
93592255
93772117
93832193
89661243
93691894
93661106
93882600
93852556
93300403
93832740
93822427
93762775
93612397
93722522
93620370
93689476
93602878
93190784
93612805
93792110
92229460
93851779
93801297
93832694
93732796
93120452
93030176
93701948
93160759
93662747
93742555
93682664
93882156
93822230
93682285
93802358
93800368
93881862
93683717
93602192
93620285
93609689
93870720
93821777
93649319
93551152
93719307
93732332
93773590
93603294
93861565
93732172
93632098
93761770
87399091
93711941
93702768
93692938
93862169
93800040
93821883
54951307
93842528
93652118
93773453
93843315
93702040
93439446
93612142
93592074
93851860
93772417
93822308
91709297
93791839
93822245
92143535
93731858
93852168
93712167
93691831
93872196
93712136
93862241
93861825
93862417
92681992
93612094
93861688
93872363
93682535
93781952
93601881
93831223
93841976
93591962
93602130
93691881
90240921
93852009
93772038
93731492
93591674
93781935
93832061
93150072
93079449
92989909
93009222
93169881
43832861
43792812
93069873
92791424
93080063
93519640
93469695
93670153
93673090
93612544
93739672
93792750
93099145
94130159
94029864
93732805
93882723
93592608
92840919
93632536
93701203
93743350
93713666
93592935
93663265
93663029
93673078
93683064
93883034
93803069
91690163
93722083
93622082
48667281
93712237
93832289
93519445
93321081
93460972
94489995
93849429
93640066
93450666
93300412
93540369
93490325
93341117
93541127
93200666
93119817
93299523
93360007
93339967
93309680
92701833
93670188
92623160
92613034
93300106
93409357
93479534
92871771
92762382
92832352
92761846
92691800
92402956
92941484
91859694
91559185
92720198
92751155
93289355
93551091
92092356
93621451
93540976
93869983
93659969
93789778
93480892
93652277
93540777
93440726
93500731
93090542
93679560
93821583
93670156
93830600
93670049
93730271
93659747
93739126
94789256
93779553
93390438
93590356
93839530
93411125
93819229
93839696
93869878
93869463
93839614
92940332
93849830
93739851
93480301
93389973
92922428
93279309
93859599
93719580
93290696
93330653
92390678
93510772
93609213
93669796
93819682
93789499
93300328
93829287
93759462
93719407
93680195
93400580
93679744
93440335
93439852
93469729
93829438
93599227
93659209
93799195
93800067
93730052
91658088
93301228
93300499
93540424
93729095
93540792
93501190
93501011
93649891
93470733
93869607
91614363
93789622
93879675
93849841
93629272
93679187
93639782
93609821
93230009
93799173
93799467
93609380
93719437
91664485
93330931
93739815
93589981
93850158
93840228
93829826
93739607
93490207
93280361
93300424
93460279
93340260
93290217
93380212
93470134
92999721
93290404
93410173
93860019
93620228
93619151
91820146
93730483
93379652
93720834
93860865
93609590
93690609
93740584
93669686
93460760
93470574
92692412
93420954
93100312
93640179
93740199
90070757
93711637
93861044
93860794
93670487
93779196
92502433
93419395
93379692
93289933
92722764
93879453
93861142
93739554
93709368
93742026
93791283
93650940
93800887
93820806
93790533
93650414
94549459
94679321
93620542
93280431
93300690
93670763
93720929
93680864
93680027
92531972
93739529
93850489
92462030
92620459
92511838
30545689
93519542
93529608
93349710
93339482
92761611
93860092
93470229
93720394
93759448
93409902
93700310
93879982
93760126
93832279
93652183
93780256
93060512
93599941
93619545
93719758
93610034
93690115
93629473
90554045
92770686
93631087
93631029
93842063
93782975
93879714
93841288
93841335
93821120
93621464
93671174
93701172
92522177
93670515
92942273
93511124
93440909
93419868
93789933
93760152
93880160
93732506
93852635
93702380
93611986
93802613
93702563
93822150
93762610
93612663
93601914
93802110
93633021
93673393
93843389
93850413
93820965
93701122
92363027
93871263
93830872
93429466
93731334
93881307
93881048
93661375
93591299
93761265
64759196
43953964
93661892
93611095
92161057
93680776
93850769
93019748
93700704
93761134
93652104
93852435
93692821
93742531
93712395
93611174
93652594
93792742
93791969
93870750
93592368
93602212
93801789
93611739
93611048
93852202
93612466
93653456
83122723
93379533
93642233
93882385
93339231
93772010
93632115
93309954
93613344
93762331
93822706
93862772
93712761
93792388
93612453
92919139
93609371
93410219
52894258
93882743
93821188
93882555
93651251
93592577
93862695
93712445
92572256
93732379
93730559
93652710
93852134
93862713
93762315
92383191
93862224
93790818
93762180
93862533
93593667
93773824
93820649
93779874
93600944
93670267
93682796
93703049
93642939
93622929
93822413
93682853
93179483
93673491
92989297
93781710
93661230
93799707
93820601
92832233
93833843
93883712
92461847
93792666
93852534
93832629
93641804
93742423
93882178
93792625
93719831
93861079
93879906
93731031
93299164
93360046
58919257
93519830
93389598
93871434
93881097
93710372
93770760
93860714
93640729
93820876
92680284
93610926
93789183
93769676
94669762
93290432
93509906
93420284
93460322
93529378
93359320
93030164
93389420
93469486
93490371
93310361
93460407
93430329
93530423
93619994
93670182
93550731
93739555
93649651
93820033
93609763
93770105
93650144
93729736
93840367
93829197
93770178
93650269
93700073
93600135
92442090
93691421
39901201
93670082
93860164
93880256
93410695
93593837
93989360
93360605
93789095
93730261
93859638
91654180
93169436
93210623
92990836
93859222
93471101
93639331
93689133
92669873
92851312
92510691
92862192
92690995
92239892
92920566
92779734
92731012
92799598
92790010
92092966
92870388
92779699
92800891
93360351
93860627
93249459
93619784
93009385
93840503
93381026
93729143
93729124
93659125
93659154
93520537
93732373
92713184
94380449
92571090
93662819
93783054
93692438
93340687
93872128
93792103
93691952
93690320
93701492
92043452
93741847
93693884
93843795
93712587
93690658
93831843
93871868
94100133
94130072
93929943
93791995
93641715
93851714
93699112
93360651
93651104
93870298
93691415
93781200
93661344
93861014
93690283
93790399
93851764
93640888
93701440
93721955
93801402
93731669
93821208
93370921
93651206
88472036
93829869
93760307
93740142
93719845
93799652
93670179
93789222
93229639
92561266
93690065
93629778
93721686
88001110
93700869
93821430
93861734
93871574
93639466
93589691
93630567
93862607
88939097
93870537
93609854
93781165
93870798
93880737
93780424
91557206
93803361
93723129
93681196
93761370
93790694
93740692
93590365
93863583
93680664
93690725
94501042
92930886
94609848
93839729
93859751
93759695
93879195
93800395
93680947
93180715
93010652
93000491
93170786
93831701
93621036
93860953
93331094
94250898
93030021
92990012
92880459
93099349
92821681
93722089
93590792
93280482
93660373
93769149
93160894
93660801
93620809
93860536
93721079
93650854
93862559
93840706
93653310
93762455
93782692
93682767
93792886
93832822
93721021
93590212
93790382
93879762
93621466
92681870
93670434
93480467
92860381
92739180
93600235
93870404
93840705
91506327
93029568
92200472
92720762
92680628
93722008
93059459
93691932
93770563
93780594
93771580
93801195
93860802
93630459
92790191
93720229
93780838
93820412
93969437
93820934
93641240
93641441
93859579
93621251
93860091
83330272
92280018
93620977
93780904
93660829
93660592
93590688
93360964
93629089
93140524
93770101
93840241
93690257
93599912
84422042
93521034
93470995
93880919
93800534
92793050
93010644
93851441
93701421
93660470
93831199
93601601
93699556
93821636
93621369
93670387
93681347
93741377
93843145
93820621
93611410
93419627
93279083
93299637
93409494
93331019
93320819
93290341
93439869
93500434
92733018
93189964
93190062
93330257
92231221
93299787
93349627
93379781
91790522
93429839
93389650
93080377
77890115
93499884
93479806
93801670
93610972
93692187
93842126
93842131
93851903
93650744
93289590
93319471
93089973
93330474
93300558
92770593
93370512
93100474
92570062
93830516
93640959
93390765
93711994
93843786
93882128
93603637
93339495
92279089
93540456
93539482
93440164
93350388
92792579
92822748
91643221
92892738
92672692
92692361
92772133
93631646
92821892
93390944
93510900
93550922
83561232
93280388
93280696
93440564
93079130
92722960
92682885
92713038
93850820
93860946
93801189
93710932
92420838
92701349
93599525
92791641
93469184
93399241
91622187
93260772
93260119
93230178
