92201075
93650017
92729877
93839689
93599676
93782084
93850617
93800109
93830413
92729877
92391513
93802301
93729916
93840379
93720031
93840184
93639917
87631578
93869145
92201075
93549622
92151290
92210442
92100609
92241043
92160731
92061012
92259929
92091699
93830055
93739895
93709712
93659918
93660011
93602142
93719967
92702012
93692287
93311146
93819525
93680675
93760301
93679613
93410294
93860024
93519775
93790074
81580181
93602142
93719967
93672812
93652554
93721876
93741917
93621864
93791974
93250650
93819945
93739863
93739263
93829249
92151290
92210442
92100609
92241043
92160731
92061012
92259929
92770588
92111315
92311101
92191189
92111055
92230872
92210643
92250358
92230628
92101069
92131088
93720430
93862994
93799813
93829757
93600115
93589719
93769626
93670069
93630028
93609926
93649986
93729955
93803619
92382821
93722313
93602083
93662109
92532493
92771766
93842217
93741570
93391069
93400226
93511085
93659982
92143797
93450575
93529104
93540273
90740085
93419954
93769653
93599911
93869826
93839110
93680422
93360845
93773106
93712786
93702850
93742655
93862217
93841675
93742343
93629237
93820069
93649954
85089756
93620111
93649758
93850067
93629249
93419674
93430137
93180585
93460360
93520067
93380344
93459635
92111315
92311101
92191189
92111055
92230872
92210643
92250358
92230628
92101069
92131088
93720430
93862994
93799813
93829757
93600115
93589719
93769626
93670069
93630028
93609926
93649986
93729955
93803619
92382821
93722313
93602083
93662109
92532493
92771766
93842217
93741570
93391069
93400226
93511085
93659982
92143797
93450575
93529104
93540273
90740085
93419954
93769653
93599911
93869826
93839110
93680422
93360845
93773106
93712786
93702850
93742655
93862217
93841675
93742343
93629237
93820069
93649954
85089756
93620111
93649758
93850067
93629249
93419674
93430137
93180585
93460360
93520067
93380344
93459635
92131418
91839416
92039730
29420090
92081052
92250937
92050896
92161142
93763503
93663477
93852680
93790050
93079277
93799998
93719124
93609429
93690050
93639746
93499768
93689587
93619634
93359885
93693448
93689762
93600040
93700002
92792022
93882511
93682710
92523188
92383061
93762249
93459231
93821848
93872289
92200373
93610061
93722295
93882011
93820741
93830022
93669980
93299799
93509473
93190489
92831754
92701238
92911804
93010563
93701740
93832228
93849500
93589880
93820724
93350114
93869284
93551123
93800136
93590142
93319264
93729829
93689785
93879843
93800803
93843216
27808934
93713025
93622869
93632980
90391187
93743814
93722959
93710677
93550210
92511467
93622206
93632183
93762155
90129603
93849310
93599970
93759961
92940614
93699936
93859966
64830074
93819940
93590094
93879712
93790547
93711168
93880612
93690356
93659208
93730001
93659977
93629490
92110892
93849247
93589273
93829247
93490411
93190069
93639410
93739715
92050021
92311400
91969330
92090922
92040989
92040859
92290417
92230340
92231023
92251000
92221162
92140537
92271039
92221148
92110353
92280929
91521144
92289599
92201177
92171187
92120730
94109091
93613123
93862992
89769191
92493482
93779715
92583251
93849115
93639935
58143328
93610042
93849739
93819703
93860031
93880186
93119230
93859961
93290965
93642215
93820941
93859802
93679703
93789991
92902616
92912701
92799372
93762257
93771863
92180349
91508180
93712763
93842575
93340424
93240700
91199258
93692036
93602665
93761843
93862039
93792685
93701878
93599108
93799348
93679867
93399300
93319759
93389733
93319349
93190399
92873186
92781500
93379268
93519569
92751416
92680385
92851452
92890375
92692031
92771882
92552355
92821632
92503339
93060181
93791971
93602246
93630105
93879783
93699518
93550793
93290820
93430250
92683102
93730290
93639876
93430278
93790883
93780792
93690171
92682722
93760228
93880165
93830190
93790205
92839993
93640339
93730262
93589294
93690340
93821294
93713212
93841449
93723188
93643287
93773930
66281405
93850488
93681329
93631036
93700989
93681023
93600755
93720789
92100201
93430860
92141732
91502372
92220266
92460403
92371434
93772255
93602581
93642448
93672840
93842836
93612789
93832635
93340904
93601388
93772342
93672493
93840596
93860716
93280248
93780157
93600219
93720170
93589465
93879756
92860652
92892372
93729944
66552655
93619324
93849976
93730147
92692193
93760098
93760066
93649383
93619391
93770007
93660057
93819086
93711155
93661221
93701111
93770527
48623519
93690775
93629366
93700586
93730617
93670652
93840536
93680128
93780664
93610512
93620173
93829626
93689479
93859230
93849835
93000548
93499597
93470604
93330358
93509934
93090036
93769515
93699694
93789742
93719652
93859702
91759672
91899427
92150896
92211519
92061827
92160941
92080983
92229837
91999591
92070659
91362488
91899424
92041000
92181181
92051129
92241199
93692847
92871614
92422821
92040962
92119705
92240558
92061057
92071098
92060485
92191183
92250726
92141221
92130436
92240336
92051113
91999920
92280668
92161054
92261121
92231025
93040295
92191321
92101080
92060994
92191127
92131220
92260885
92201187
93919125
93409779
93120156
93662977
93883118
92801287
92572705
92422859
93870374
93819518
93660062
93770028
93710041
93640025
93710210
93689813
93719429
93840186
93852477
93870142
93830454
93780427
92120784
93520001
93330046
93799908
93629399
93699573
93819527
93762239
93791600
92121049
93842238
93591825
93622793
93642924
93873087
93039441
93779614
93719644
92139748
93609992
93860006
93769540
92062275
92682593
92472172
93772350
93872042
51667096
93730637
91672109
92140682
92500329
93672234
24294797
93802460
93592485
93722897
93603501
93839775
93871910
93632624
93409142
93862491
93601674
93712280
93600345
93622496
93781979
93882116
93611996
93611236
93349871
93732698
93852024
93823157
93822158
93381142
93779108
93839373
93679386
93730274
93790120
93652819
93309249
92751536
92730858
93479662
93299739
93379965
93329304
92041206
92911377
92681536
92941541
92900469
92781944
92249872
92691726
92671746
92831804
92779537
92921792
92781639
92821765
92711717
92719536
93609571
93789935
93699317
93879874
93691936
93722032
93499281
93821800
93641884
93692894
93689594
93310187
93590178
93660156
93790150
93879219
93190831
93830020
93790467
93730427
93590460
93829107
93310861
93709548
93830151
93281070
93789125
93480960
43943779
93689780
93719781
93649841
93219921
93460164
93370345
93520504
93869923
93740878
93880320
93630906
93830936
93630625
93830532
93780544
93740877
92461887
93610519
93829811
93339667
93660446
93679644
93620266
93690154
93630195
93859969
93802368
93411178
93802186
90683131
93733234
93722888
93350267
93820255
93831401
93643480
93601541
93643296
93683886
93310536
93710218
93601445
93801296
93871248
93601203
92222425
93710010
93710541
89203726
93139763
93730305
92282887
93612651
93782647
93692597
93852518
93742430
93702445
93672639
93662111
93882422
93702827
93602830
93441052
93720310
92692469
93672958
93761303
93882564
93722520
93622118
93612368
93792640
93609195
93049776
93640766
93670758
93860665
93700137
93690676
92741148
93779528
93280027
93300413
93410179
93729470
93850176
93649970
93640499
93600546
93710326
93660329
93880258
93659815
93850267
93659395
93769742
93819753
92940327
92810311
92720802
92860678
93649999
93879739
93759111
93621734
93850898
93819293
93881240
93801244
93629781
93710719
93590562
93831110
93841254
22376539
93761165
93679670
92541348
93829715
93670288
91383042
93870345
93800718
93849411
93800913
92580269
93610719
93670693
93630533
93630650
93689999
93209963
90029847
93821335
93780229
93720617
93550111
93882097
93662110
93712104
93600726
93700110
93700624
93600637
93590466
93690688
93770907
93640620
93819241
93690250
93220529
93669510
93410460
93341212
93839498
93629584
93869625
93851467
93601574
93870842
93831176
93831454
93469581
93100915
93550919
91641339
93010031
93300702
93290279
93389476
93289892
44901910
93711866
93831813
93000681
93792167
93370461
93510636
93340338
93531028
92452794
93390674
93359967
93320405
93080185
93550655
92611046
93301197
93340686
93370805
93090727
93480330
93510002
93720560
93791133
93791173
92891430
93119851
93859526
92202919
92150813
91869236
91779903
92081953
92180703
92290798
92120786
92260968
92061162
92281181
92112172
92053210
92483196
92083249
92070792
66260788
92149937
59030437
92181360
92241772
92051262
93692046
93663821
93763934
94149079
93793993
91919493
92681756
92802197
92911598
92741528
92260950
92040927
92140750
90182103
92220313
92140397
92189962
92080643
92060386
92140586
92050780
92160420
92111082
91820168
92293707
92283292
92291020
92300710
92100695
92130792
92069424
92160502
92200804
92119655
92070406
92270247
92189701
92260591
92190718
92039608
90192183
92179395
91950005
91950046
91910113
91303779
92171110
93090466
92883071
92902946
92231013
92240938
92300802
92221683
92081701
92311246
93689853
93613824
92523376
93593466
93763210
93703602
84749352
93290211
93793211
93509688
93459742
93290700
93540532
92411192
92941261
58335100
92791087
92790619
92730203
93590306
92711778
93779536
93300180
93689937
93789158
92160174
93609275
93730011
93690031
93410794
92852302
93830234
93800193
93700090
93800041
93669579
93879644
93679628
93592462
93740285
93730044
93850148
93659592
89094836
93880566
92712454
93640098
93830130
92621997
48423396
92310347
93509760
93500024
93859402
93350323
93789562
93350124
92603184
92729316
92432529
93819601
93830001
93639120
93699672
93789648
93780333
93730213
93729225
93839707
93639698
93589462
93821557
93791580
93792237
93782806
93671871
93862091
93782025
93872130
92452526
93831967
93801900
93591846
93641868
93701818
93471050
93869427
93769400
93719387
93350640
93679983
93469663
93689717
93659736
93669757
91850103
93650085
93730028
93849398
93340776
91900028
93769123
93800003
93759758
93819607
93760312
93720088
93690008
93690000
93862065
92482443
91332602
93822132
93862081
93610595
93742170
93791381
93861822
49963187
93832254
93692199
93692899
93592607
93872811
93882453
93642017
93822526
93881407
93802609
93692763
93842374
93652768
93711748
93612554
93833565
93803260
93849724
92372600
93329432
93150860
93459145
93779403
93762267
93883469
93663229
93642516
93882481
93641584
93632602
93782540
93730080
93591871
93762159
93821232
93823187
93822025
93870640
93802265
93771809
93682187
93591945
93691773
93642100
93612133
93842040
93802007
93259747
93130066
93529955
92921858
93790051
93621514
93642356
93622239
93683633
93733140
93793505
93612792
93723127
90550080
93281139
93430531
93719696
93410980
88650034
93589099
93649360
93820296
93742923
93219378
93449729
93280336
93540392
93339789
93219960
93389680
89319724
93589834
92503046
93230629
93309330
92261306
92831777
92700090
92721648
91889582
92881151
92929518
92681655
92680922
93190914
93699575
93439078
93839545
93310582
93649850
93592148
93611934
93360526
93499431
86059618
93791674
93780260
93769717
92912866
93289688
93340465
93870128
92200497
93859487
93311088
93739588
93540848
93460010
93449415
92539688
93350762
93629964
93709162
92479865
93370627
93719517
93480390
93351167
93659439
93790189
93280320
93379843
93789245
93759196
93740102
93879922
93350989
93490708
93380990
93591041
93669207
93669571
93729769
93759502
93839817
93659502
93629205
92401145
93829791
93769673
93639755
93769202
93789841
93490284
93350126
93430141
93449815
93279187
93730144
93700803
93760603
93470827
93800849
93030337
93860028
93650966
93841265
93050641
93709276
93610552
93840913
93281116
93610767
93790939
93770927
93800866
93660498
93660295
90462890
93520635
93770522
93880812
93870531
92371766
92931774
93519355
93539707
93070431
93289658
93690379
93599382
93320396
93830320
93640370
93880095
93869854
93630068
93710009
93692439
93701149
93770509
93861195
93730965
93531212
93510919
93499942
93599564
93622509
93591708
93613296
93643320
93682855
93881251
88801234
93601367
93711286
93591083
93791392
92062960
92311118
92122100
93760762
93770716
93630424
93249711
93680732
93840759
93872789
93682310
93722689
93712602
93722364
93602274
93861604
93761766
79902908
91979217
93872862
93692929
93642419
93772495
93692549
93802434
93460396
93872568
93822593
93792614
30561677
93642630
93692594
93643246
93692308
93762426
93710455
93660604
93760271
93850258
93823459
93763044
93683141
93622999
93842250
93613158
93592521
93773305
93772188
93591138
93672588
93592404
93622421
93602645
93840796
93650825
93710998
93319117
93600583
93701340
93611266
93730949
93839900
93830536
93879663
93110698
93240317
93510106
93290197
93549210
93490088
93440370
93450217
93669695
93880128
93860322
93650373
93770312
93620122
93770067
93829940
93700265
93599245
93411133
93709143
93769288
93879337
92859823
92780535
92700475
91532036
92849168
92890808
92670894
93330380
93800061
93779220
93759121
93790951
93699782
93789831
93789979
93759158
93551036
93359706
93832463
93682227
93821958
93621820
93671572
93621628
93690813
93802499
93861423
93791720
93691835
93589096
93631252
93831351
93701279
90360793
93711204
93881287
93719756
93669992
93700015
93610047
93759930
93769732
93761507
93691171
93611192
93771188
93609159
93870937
93821014
93700852
93801883
93790973
93771001
93380549
93450748
93770554
93870066
93650589
91475529
93819546
93690777
93870677
93841693
93699576
93350005
91249253
93629420
91142038
93861755
93630895
93680554
93660732
93800357
93660634
93870259
93600743
93840720
93589705
93610887
93740970
93729697
93840267
93780469
93700896
93180459
93680288
93720991
93630916
93681114
73719632
89353073
91477855
93359301
93520117
91461981
93700717
37992986
93590804
93800784
93820626
93720654
93760117
93380215
93550517
93710676
93620338
93839565
93850647
92840425
93600727
93739581
93740054
93722606
93841786
93740894
93830897
50909539
93630769
93660492
93599483
92159995
93800585
93820854
93709443
93620944
93410647
93150600
93819499
93500045
93319775
93479895
93619180
93711169
93741468
93801483
93771141
93741016
93680409
93611012
93711374
93781307
93801356
93841455
92419747
93869291
93489456
93549959
93849080
93520896
93130892
92669456
93360657
93060028
92211301
93389943
93389257
93299882
93529833
93449586
93549813
93549681
93651617
93701733
93872164
93861957
93802098
93430156
93530458
93489820
93430955
76990117
93630881
93833282
93782651
93742725
93662317
93500211
93350838
93520632
92110852
93310731
93470566
93480317
92822383
93450927
93849119
93451121
93370836
93370118
92782783
93350379
93029816
93230852
93010780
65873327
93470015
93700747
93661118
93690846
93860195
93831041
93721108
93780601
93829508
93801136
93791177
92831403
92941353
93139546
93069846
93119846
93000246
93060345
92519081
92409079
91546521
91840005
92131408
92290204
92291081
92250992
92170453
92221380
92110844
92250518
92301275
92081406
92090797
92140421
92290372
92179107
93059409
92612590
92393209
92613260
92062584
92133237
92313202
92189492
91482147
92190944
92230076
92071211
92231112
92111630
91849134
92251260
93661607
93831654
93611950
93651448
93660833
94029098
93999337
93949353
93693589
93833874
94109083
93980284
93690254
94129093
93793555
92891582
92732489
92911968
92931420
88463295
92911616
92931511
92693152
93080227
93109566
92141185
92210751
92260925
92220589
92071695
92250216
92081003
92220678
92102528
92060291
92230311
92159849
92261043
92071080
92190868
92040798
92120696
92230990
92561899
92061060
91708606
91800496
91760222
92183176
92313435
92203669
92073693
92173687
92100971
92160783
92250308
92100787
91708500
92060826
92060825
92200522
92150763
92232592
92242488
91900114
92310173
92270775
91889438
92070798
92260812
92240848
92069902
92150000
90139082
92119954
92200018
92149616
92260468
92130384
92310221
92109904
92289721
92079479
92060639
92200856
91667674
92280072
92051683
92261781
92100563
92180109
92260221
92099748
92180793
92060709
91849838
91850106
91770102
91789997
91880074
89680177
91900087
91614858
92029689
91880081
92160788
92721330
93019691
92271068
92220969
92671909
93879892
93683561
93733485
93783377
93360758
93793298
93794080
93593186
93613690
93733173
93390711
93200128
93469953
93179682
93160880
93289750
93030546
93120245
92842609
93279605
93399602
93499767
93419715
93410372
92742819
93440627
93150783
93530647
93400627
93010898
93390235
93310551
93450191
60191641
92391174
92941012
92870666
81642135
93690410
93600216
93280952
93789327
93820028
93850051
93839762
93659522
93779391
93829390
92150612
92090861
92140549
93551124
92941410
92871892
93630177
93639890
93400469
93611503
93719368
93689113
93739680
93351048
93699397
93699084
93792596
94459836
93661114
93730227
92672378
92852434
93870167
93600166
93640165
93659536
93150435
93780124
92173209
92411873
90110823
92391952
93633263
92310909
92169393
92220654
92230438
91182783
94011088
93859975
93380991
91517841
93280790
93380343
93869554
93819468
93741768
92822111
93719628
93649703
93300441
93330613
94279592
93290358
93669495
93709453
93520033
76390629
93690261
93639279
93541086
93710959
93670881
93842806
93250669
93682889
93612171
93692173
90071723
93781494
93490330
93089465
92492641
92412546
92372532
92432497
38767134
93499213
93631853
93661591
93691740
93840936
93600108
93619673
93840079
93659805
93679507
93589757
93670078
93609665
93689664
93660049
93879994
93779724
93620025
93719433
93300958
93630446
93609999
93600045
93350688
93589731
93699120
93769708
92470491
92053645
91850383
92579947
91960250
93720066
93549679
93879991
93399665
93650280
90003656
93829397
92042944
93129450
93140622
93969514
72030916
93882638
93632666
93762683
93782613
93762686
93832144
93611134
93420995
93759643
92139097
93779427
93769924
93649795
93649519
93679989
93599995
93870199
93789314
93719954
93730157
93590203
93399538
93712230
93692084
93702037
93842294
92301277
93762032
93862373
93592234
93652077
93821995
93822205
93732300
93592145
93722453
93722472
93822381
93632329
93872467
93842599
89130046
93642128
93672203
93842365
92840671
93602328
93762555
93592255
93772117
93832193
89661243
93691894
93661106
93882600
93852556
93300403
93832740
93822427
93762775
93612397
93722522
93620370
93689476
93602878
93190784
93612805
93792110
92229460
93851779
93801297
93832694
93732796
93120452
93030176
93701948
93160759
93662747
93742555
93682664
93882156
93822230
93682285
93802358
93800368
93881862
93683717
93602192
93620285
93609689
93870720
93821777
93649319
93551152
93719307
93732332
93773590
93603294
93861565
93732172
93632098
93761770
87399091
93711941
93702768
93692938
93862169
93800040
93821883
54951307
93842528
93652118
93773453
93843315
93702040
93439446
93612142
93592074
93851860
93772417
93822308
91709297
93791839
93822245
92143535
93731858
93852168
93712167
93691831
93872196
93712136
93862241
93861825
93862417
92681992
93612094
93861688
93872363
93682535
93781952
93601881
93831223
93841976
93591962
93602130
93691881
90240921
93852009
93772038
93731492
93591674
93781935
93832061
93150072
93079449
92989909
93009222
93169881
43832861
43792812
93069873
92791424
93080063
93519640
93469695
93670153
93673090
93612544
93739672
93792750
93099145
94130159
94029864
93732805
93882723
93592608
92840919
93632536
93701203
93743350
93713666
93592935
93663265
93663029
93673078
93683064
93883034
93803069
91690163
93722083
93622082
48667281
93712237
93832289
93519445
93321081
93460972
94489995
93849429
93640066
93450666
93300412
93540369
93490325
93341117
93541127
93200666
93119817
93299523
93360007
93339967
93309680
92701833
93670188
92623160
92613034
93300106
93409357
93479534
92871771
92762382
92832352
92761846
92691800
92402956
92941484
91859694
91559185
92720198
92751155
93289355
93551091
92092356
93621451
93540976
93869983
93659969
93789778
93480892
93652277
93540777
93440726
93500731
93090542
93679560
93821583
93670156
93830600
93670049
93730271
93659747
93739126
94789256
93779553
93390438
93590356
93839530
93411125
93819229
93839696
93869878
93869463
93839614
92940332
93849830
93739851
93480301
93389973
92922428
93279309
93859599
93719580
93290696
93330653
92390678
93510772
93609213
93669796
93819682
93789499
93300328
93829287
93759462
93719407
93680195
93400580
93679744
93440335
93439852
93469729
93829438
93599227
93659209
93799195
93800067
93730052
91658088
93301228
93300499
93540424
93729095
93540792
93501190
93501011
93649891
93470733
93869607
91614363
93789622
93879675
93849841
93629272
93679187
93639782
93609821
93230009
93799173
93799467
93609380
93719437
91664485
93330931
93739815
93589981
93850158
93840228
93829826
93739607
93490207
93280361
93300424
93460279
93340260
93290217
93380212
93470134
92999721
93290404
93410173
93860019
93620228
93619151
91820146
93730483
93379652
93720834
93860865
93609590
93690609
93740584
93669686
93460760
93470574
92692412
93420954
93100312
93640179
93740199
90070757
93711637
93861044
93860794
93670487
93779196
92502433
93419395
93379692
93289933
92722764
93879453
93861142
93739554
93709368
93742026
93791283
93650940
93800887
93820806
93790533
93650414
94549459
94679321
93620542
93280431
93300690
93670763
93720929
93680864
93680027
92531972
93739529
93850489
92462030
92620459
92511838
30545689
93519542
93529608
93349710
93339482
92761611
93860092
93470229
93720394
93759448
93409902
93700310
93879982
93760126
93832279
93652183
93780256
93060512
93599941
93619545
93719758
93610034
93690115
93629473
90554045
92770686
93631087
93631029
93842063
93782975
93879714
93841288
93841335
93821120
93621464
93671174
93701172
92522177
93670515
92942273
93511124
93440909
93419868
93789933
93760152
93880160
93732506
93852635
93702380
93611986
93802613
93702563
93822150
93762610
93612663
93601914
93802110
93633021
93673393
93843389
93850413
93820965
93701122
92363027
93871263
93830872
93429466
93731334
93881307
93881048
93661375
93591299
93761265
64759196
43953964
93661892
93611095
92161057
93680776
93850769
93019748
93700704
93761134
93652104
93852435
93692821
93742531
93712395
93611174
93652594
93792742
93791969
93870750
93592368
93602212
93801789
93611739
93611048
93852202
93612466
93653456
83122723
93379533
93642233
93882385
93339231
93772010
93632115
93309954
93613344
93762331
93822706
93862772
93712761
93792388
93612453
92919139
93609371
93410219
52894258
93882743
93821188
93882555
93651251
93592577
93862695
93712445
92572256
93732379
93730559
93652710
93852134
93862713
93762315
92383191
93862224
93790818
93762180
93862533
93593667
93773824
93820649
93779874
93600944
93670267
93682796
93703049
93642939
93622929
93822413
93682853
93179483
93673491
92989297
93781710
93661230
93799707
93820601
92832233
93833843
93883712
92461847
93792666
93852534
93832629
93641804
93742423
93882178
93792625
93719831
93861079
93879906
93731031
93299164
93360046
58919257
93519830
93389598
93871434
93881097
93710372
93770760
93860714
93640729
93820876
92680284
93610926
93789183
93769676
94669762
93290432
93509906
93420284
93460322
93529378
93359320
93030164
93389420
93469486
93490371
93310361
93460407
93430329
93530423
93619994
93670182
93550731
93739555
93649651
93820033
93609763
93770105
93650144
93729736
93840367
93829197
93770178
93650269
93700073
93600135
92442090
93691421
39901201
93670082
93860164
93880256
93410695
93593837
93989360
93360605
93789095
93730261
93859638
91654180
93169436
93210623
92990836
93859222
93471101
93639331
93689133
92669873
92851312
92510691
92862192
92690995
92239892
92920566
92779734
92731012
92799598
92790010
92092966
92870388
92779699
92800891
93360351
93860627
93249459
93619784
93009385
93840503
93381026
93729143
93729124
93659125
93659154
93520537
93732373
92713184
94380449
92571090
93662819
93783054
93692438
93340687
93872128
93792103
93691952
93690320
93701492
92043452
93741847
93693884
93843795
93712587
93690658
93831843
93871868
94100133
94130072
93929943
93791995
93641715
93851714
93699112
93360651
93651104
93870298
93691415
93781200
93661344
93861014
93690283
93790399
93851764
93640888
93701440
93721955
93801402
93731669
93821208
93370921
93651206
88472036
93829869
93760307
93740142
93719845
93799652
93670179
93789222
93229639
92561266
93690065
93629778
93721686
88001110
93700869
93821430
93861734
93871574
93639466
93589691
93630567
93862607
88939097
93870537
93609854
93781165
93870798
93880737
93780424
91557206
93803361
93723129
93681196
93761370
93790694
93740692
93590365
93863583
93680664
93690725
94501042
92930886
94609848
93839729
93859751
93759695
93879195
93800395
93680947
93180715
93010652
93000491
93170786
93831701
93621036
93860953
93331094
94250898
93030021
92990012
92880459
93099349
92821681
93722089
93590792
93280482
93660373
93769149
93160894
93660801
93620809
93860536
93721079
93650854
93862559
93840706
93653310
93762455
93782692
93682767
93792886
93832822
93721021
93590212
93790382
93879762
93621466
92681870
93670434
93480467
92860381
92739180
93600235
93870404
93840705
91506327
93029568
92200472
92720762
92680628
93722008
93059459
93691932
93770563
93780594
93771580
93801195
93860802
93630459
92790191
93720229
93780838
93820412
93969437
93820934
93641240
93641441
93859579
93621251
93860091
83330272
92280018
93620977
93780904
93660829
93660592
93590688
93360964
93629089
93140524
93770101
93840241
93690257
93599912
84422042
93521034
93470995
93880919
93800534
92793050
93010644
93851441
93701421
93660470
93831199
93601601
93699556
93821636
93621369
93670387
93681347
93741377
93843145
93820621
93611410
93419627
93279083
93299637
93409494
93331019
93320819
93290341
93439869
93500434
92733018
93189964
93190062
93330257
92231221
93299787
93349627
93379781
91790522
93429839
93389650
93080377
77890115
93499884
93479806
93801670
93610972
93692187
93842126
93842131
93851903
93650744
93289590
93319471
93089973
93330474
93300558
92770593
93370512
93100474
92570062
93830516
93640959
93390765
93711994
93843786
93882128
93603637
93339495
92279089
93540456
93539482
93440164
93350388
92792579
92822748
91643221
92892738
92672692
92692361
92772133
93631646
92821892
93390944
93510900
93550922
83561232
93280388
93280696
93440564
93079130
92722960
92682885
92713038
93850820
93860946
93801189
93710932
92420838
92701349
93599525
92791641
93469184
93399241
91622187
93260772
93260119
93230178
